image: unreal.png
resolution: 0.02857142857142857
origin: [-32.971428571428568, -1.3142857142857143, 0.0]
negate: 0
occupied_thresh: 0.65
free_thresh: 0.196